0 45 157 205 209 217 278 303 314 344 355 363 390 502 579 599 664 699 703 740 744 781 798 814 825 834 840 859 867 882 901 940 1024 1027 1059 1077 1122 1153 1155 1174 1196 1225 1257 1269 1276 1362 1377 1409 1415 1476 1509 1511 1528 1561 1565 1575 1609 1611 1614 1620 1685 1712 1765 1773 1782 1785 1812 1863 1887 1891 1897 1918 1932 1963 1969 1985 2018 2032 2033 2048 2060 2074 2132 2154 2199 2203 2208 2291 2335 2351 2398 2414 2433 2440 2469 2473 2474 2489 2529 2552 2709 2766 2826 2907 2955 2981 2982 3018 3026 3048 3178 3180 3197 3213 3233 3272 3351 3365 3372 3376 3403 3443 3454 3487 3494 3536 3622 3626 3631 3706 3784 3837 3864 3892 3896 3927 3958 3971 4024 4060 4104 4135 4141 4150 4197 4210 4229 4255 4258 4269 4294 4339 4347 4371 4392 4420 4428 4463 4473 4499 4526 4528 4548 4635 4671 4740 4742 4750 4803 4850 4872 4973 4995 5011 5054 5068 5310 5313 5355 5369 5406 5409 5464 5466 5485 5502 5550 5576 5655 5712 5718 5724 5792 5894 5903 5928 5943 5944 5998 6004 6018 6037 
1 483 503 892 1064 2140 2217 2390 3006 5279 65 297 360 615 671 712 739 938 1132 1176 1393 1427 1428 1514 1530 1632 1636 1764 1905 1972 2027 2098 2102 2127 2161 2261 56 595 1361 1506 1947 2086 4224 714 1203 1461 1493 1742 2279 2462 3227 4608 830 1126 1562 1105 
2 105 182 321 333 366 445 803 990 994 1023 1072 1190 1354 1579 2422 2459 2530 2659 2666 3347 3359 3430 3634 3778 3959 4189 4431 4593 5200 5278 5634 5672 5852 988 1051 2305 3019 4397 4467 
3 534 1239 1432 1443 1699 1837 1978 2080 2181 2356 2451 2772 2818 2827 2854 2866 2924 2991 3108 3148 3161 3541 112 166 179 227 571 733 885 960 1025 1036 1038 1170 1249 1250 1308 1527 1637 1728 1784 1876 1892 1934 2075 2209 2244 2535 2843 3008 3014 3033 3042 3083 3121 3131 3132 3209 3263 4234 5303 5399 1412 1416 2724 3176 76 992 1559 2949 3187 4650 70 479 916 1738 3102 3551 
4 15 153 199 208 1652 1676 1707 1718 1771 1861 1899 1928 1954 2051 2183 2198 2380 2439 2493 2652 2685 2883 3493 3627 3838 3917 4156 4162 4208 4243 4295 4418 4546 4557 4637 4653 4804 5035 5816 5866 5964 103 317 422 544 674 778 975 1365 1437 1452 1607 2042 2654 3350 3990 4265 4266 4324 4396 4427 4491 4513 4663 4716 4937 5180 5223 5373 5461 5506 5890 69 158 353 375 505 581 827 870 902 1159 1410 1466 1808 1875 2188 2268 2297 2632 2738 2779 2800 2832 2890 2987 3022 3045 3136 3163 3295 3341 3817 3850 3900 3908 3972 4009 4235 4628 4647 4720 4754 4802 5191 5228 5308 5314 5315 5586 5726 5783 5897 5991 134 343 369 398 811 1109 1268 1369 1411 1485 1678 1737 1755 1768 1781 2195 2316 2358 2391 2507 2636 2814 2835 2863 2916 2948 2953 2972 3093 3214 3331 3339 3496 3722 3874 3937 4066 4454 4678 4719 4840 5356 5543 943 1200 1431 1917 1933 2211 2479 2957 2958 3294 3437 3923 4231 5684 82 480 3697 4433 2307 10 
5 247 287 378 467 591 667 826 946 1162 1177 1255 1357 1503 1519 1624 1724 2182 2658 2701 2707 2885 2960 2980 3458 3529 3533 3574 3612 3733 3910 3922 4068 4096 4147 4181 4201 4292 4323 4485 4493 4664 4666 4895 5042 5580 5738 5908 1387 2145 2596 3635 3973 4330 5940 6007 2711 561 3770 4734 276 3460 5935 86 
6 100 2482 3554 5841 6019 6027 28 39 104 124 129 269 559 566 875 1070 1187 1348 1815 1920 2202 2419 2526 2650 2712 2731 2761 2893 3182 3241 3246 3262 3578 3660 3662 3665 3729 3796 3808 3901 3905 3963 4017 4031 4129 4211 4310 4352 4682 4758 4790 5309 5335 5678 5711 5714 5821 5878 5883 5893 5925 5967 6017 12 126 807 978 1052 1092 1496 1666 1859 1938 2116 2163 2270 2329 2538 2574 2671 2764 2788 2896 3084 3278 3393 3399 3809 3998 4048 4131 4176 4478 4487 4660 4965 5103 5362 5493 5632 5657 5725 5849 308 625 678 948 1131 1133 1139 1215 1389 1472 2239 2281 2337 2472 2780 2821 2956 3023 3545 3683 3760 4232 4326 4672 4806 4960 5229 5981 614 1169 1419 1726 2450 2496 2690 2807 3776 4021 4203 4488 4620 4748 5716 6001 239 1497 1510 2063 2275 2549 3035 3144 3478 3637 3815 4355 4437 4572 4814 5354 5539 676 762 1272 3427 3502 4771 5264 5444 923 3355 4263 5447 763 2623 
7 700 708 1054 1220 1236 1363 1468 1776 2376 2757 3431 3498 3548 3709 3711 3803 4591 5273 5528 132 392 461 775 1469 1594 2010 2271 2851 3264 3287 3465 3932 4395 4525 4638 4641 4777 4890 4913 5193 5256 5667 6030 329 435 757 891 973 1331 1601 2429 2581 2959 4111 4545 5484 389 1367 1681 2064 2079 2393 3368 3371 3395 3466 3480 3673 4307 4409 5317 5942 1016 1035 1404 1690 3165 3396 3565 1261 1958 5234 46 374 2088 3147 3919 3888 4912 660 5596 3553 1179 3522 1442 449 1714 
8 1986 4309 74 528 620 919 932 1817 2130 2968 5300 250 326 984 999 1079 1164 1758 1763 1801 1870 1929 3360 3593 3903 4398 5108 5179 5231 5685 436 499 633 751 790 828 1471 1539 1591 1856 1912 2570 2618 2755 2921 3791 4284 4968 5697 5842 5905 6031 106 232 323 339 1352 1358 2363 2733 3596 3698 3886 3981 4172 4322 4826 4959 4982 5083 5189 5199 5342 5383 5641 5886 
9 805 813 1235 1256 1569 2004 2715 2718 2849 2976 3020 3302 4919 5438 5587 5731 5734 5900 11 852 1329 3866 4100 4514 4884 5236 5350 5689 5813 372 2926 3210 3514 5158 5533 1216 3330 3471 5065 5850 1013 1803 1956 2520 2702 3343 1945 5418 
10 111 162 241 245 376 416 524 600 824 857 879 972 1011 1043 1307 1477 1602 1672 1835 1889 1931 2043 2044 2467 3146 3160 3183 3207 3266 3305 3315 3380 3383 3425 3461 3614 3657 3855 4070 4113 4380 4415 4477 4517 4599 4630 4752 4775 4793 5160 5202 5235 5413 5534 5600 5614 5693 22 57 64 301 309 320 538 728 963 995 1028 1186 1218 1238 1386 1447 1560 1598 1640 1689 1827 1840 2015 2030 2264 2287 2288 2289 2321 2426 2805 2935 3034 3314 3407 3531 3629 3710 3858 3868 3941 4025 4140 4275 4346 4594 4767 4824 4828 4832 4867 4883 5036 5123 5139 5197 5276 5294 5481 5524 5601 5699 5747 5800 5822 5836 5902 5914 5950 5955 141 565 844 925 1137 1401 1631 1704 1804 2187 2536 2887 3230 3413 3506 3556 3623 4457 4522 4632 4882 4957 5127 5205 5232 5252 5402 5457 5644 5912 5956 883 1777 2247 2354 2765 2937 3503 3508 4602 5022 5479 5495 402 776 3839 4516 4954 748 3055 2571 18 2598 4950 4858 
11 77 145 328 1486 2441 2888 3417 4053 5171 5237 5311 5361 5429 234 543 634 720 872 930 1322 1347 1372 1670 1895 1898 1915 1950 1987 1997 2005 2091 2210 2342 2528 2592 2714 2861 2877 2933 3095 3139 3291 3392 3476 3543 3591 3621 4028 4165 4242 4276 4344 4407 4410 4489 4538 4576 4737 4801 4853 4929 4978 5099 5110 5204 5386 5516 5538 5715 5830 5857 5901 5924 5953 34 58 342 898 983 1280 1321 1464 1698 1883 2025 2037 2229 2236 2292 2333 2382 2723 3024 3366 3484 3795 3929 4442 4483 4808 4887 4903 4961 5000 5053 5097 5288 5741 5804 6013 1071 1795 1874 2697 910 
12 3038 5443 1246 2120 4254 5377 96 1004 2692 192 332 452 1904 2545 2825 3477 4400 5017 273 468 1796 2250 2477 2752 2930 2974 3824 4297 5048 5254 5637 32 244 299 359 497 1127 1349 1552 1740 2017 2049 2293 2610 2649 2961 3510 3980 4062 4092 4298 4743 5081 5084 5259 5392 5525 5921 27 160 237 640 655 1076 1505 2258 2388 2853 2856 2900 2906 3704 3728 4825 5101 5208 5286 5915 5985 313 405 412 909 1136 1612 4555 4778 4944 4958 5041 5462 5642 5839 587 689 738 1700 2066 2375 3357 3727 5754 6010 2409 
13 4996 5668 2523 3782 4626 30 1007 3337 5330 90 2221 2332 2651 2784 3235 4119 4906 5343 242 588 612 795 1061 1951 2286 2446 2922 3211 3434 3644 4761 4821 5426 5736 5757 5773 438 729 1606 1866 2117 2673 2777 3387 3693 3965 4065 4073 4730 4897 4918 5376 5790 396 526 1484 2008 2113 2174 2436 2512 2603 4439 5012 5024 1350 1894 2656 2808 4349 2159 4058 
14 85 426 702 770 908 971 1066 1117 1144 1145 1165 1383 1397 1445 1572 1592 1651 1749 1847 1884 1914 1935 1980 2047 2148 2212 2249 2277 2327 2359 2362 2403 2438 2448 2465 2470 2490 2568 2587 2600 2634 2646 2661 2670 2693 2708 2713 2769 2919 2945 3067 3114 3123 4582 4669 5341 5888 716 914 1143 1588 1706 1719 1729 1941 1988 2112 2196 2310 2374 2599 2622 2778 2820 2842 2983 4547 451 2796 
15 49 88 107 127 206 218 225 312 457 500 547 611 616 617 649 662 692 707 731 750 758 771 862 877 900 903 1006 1193 1207 1258 1291 1315 1384 1418 1430 1434 1460 1470 1536 1626 1821 1926 1952 2092 2097 2109 2129 2150 2175 2216 2285 2295 2299 2314 2360 2504 2541 2589 2617 2643 2868 3106 3135 3138 3202 3325 3530 3945 4465 4518 4609 4930 5118 5151 5401 5559 6000 53 114 466 564 672 858 915 924 945 974 1042 1318 1378 1797 2057 2206 2427 2481 2524 2684 3120 3283 3412 3787 4127 4272 4422 4562 4711 4818 4953 5305 5865 5892 5978 170 836 2759 3602 
16 5196 5765 5896 5929 6011 2243 4695 5212 5261 5563 5788 6016 4270 5382 5966 1948 5186 1084 4615 1197 
17 2328 5005 5378 20 
18 311 338 406 550 621 961 965 967 1068 1130 1267 1375 1439 1716 1831 2138 2160 2401 2544 2737 2783 3134 3145 3475 3481 3743 3836 4023 4037 4835 4837 4868 4994 5433 5829 5851 5899 89 122 201 202 223 229 257 286 610 630 753 800 817 839 927 954 956 997 1034 1166 1184 1201 1259 1296 1392 1399 1554 1625 1662 1667 1669 1864 1993 2056 2176 2177 2484 2531 2559 2614 2641 2786 3071 3298 3397 3456 3562 3605 3671 3694 3723 3751 3961 4000 4008 4049 4080 4090 4115 4151 4237 4369 4429 4504 4728 4815 4866 5069 5090 5138 5147 5219 5250 5370 5404 5428 5437 5474 5498 5569 5609 5666 5831 5979 75 81 95 246 400 551 1081 1118 1243 1406 1692 1925 2016 2077 2082 2225 2322 2539 2736 2894 2973 3013 3107 3333 3537 3539 3695 3935 4032 4041 4057 4077 4198 4387 4421 4544 4727 4952 5181 5363 5674 5717 371 675 933 1450 1483 2059 2083 2156 2260 2770 3240 4311 4848 5043 5130 5662 5737 5779 388 1263 1300 1515 1746 2455 2912 3130 3260 3584 3928 3970 4138 4149 4451 4642 5080 5292 5676 2378 2775 3050 3157 3994 5856 1 235 258 1802 2218 2633 3081 3117 3423 3780 4792 5909 1792 1975 4035 5997 4604 5619 156 5128 
19 190 448 785 1012 1041 1168 1930 3452 4318 5020 5217 5416 41 116 261 386 387 496 626 628 843 976 1010 1032 1114 1185 1482 1535 1647 1680 1725 1760 1780 1818 1833 2095 2137 2191 2273 2454 2491 2509 2550 2557 2741 2844 3060 3118 3344 3418 3499 3654 3691 3749 3806 3921 3931 3989 4022 4029 4122 4192 4200 4288 4391 4456 4553 4581 4721 4736 4889 4984 5055 5112 5150 5306 5505 5708 5891 5949 6020 175 221 248 414 570 743 911 970 1303 1720 1762 1946 1994 2089 2262 2318 2558 2567 2771 2773 2914 2918 3021 3089 3140 3259 3352 3488 3549 3594 3696 3781 3943 4196 4204 4506 4534 4580 4603 4624 4655 4817 4981 5021 5040 5198 5210 5340 5375 5440 5577 5597 5624 5723 5828 5916 5930 5936 305 428 576 694 928 1128 1150 1408 1499 1878 1967 2062 2101 2875 2938 3047 3052 3154 3203 3242 3332 3356 3436 3558 3601 3611 3741 3747 3759 3889 4012 4091 4250 4379 4539 4684 4763 4823 4831 4946 5008 5233 5478 5488 5496 5532 5871 379 618 860 934 1175 1231 1320 1338 1615 1769 1774 2039 2255 2278 2361 2428 2435 2722 3090 3109 3225 3284 3320 3734 3775 3877 3936 4004 4050 4174 4253 4531 4687 4869 4963 5280 5544 5646 5760 5860 6021 117 443 629 765 869 1488 1869 2301 2582 2604 2683 2852 2965 3280 3845 3852 4015 4033 4281 4321 4458 4532 4686 5031 5221 5263 5455 5879 23 98 135 243 302 424 590 657 1574 1902 2139 2197 2445 2979 3334 3516 3752 3767 4059 4278 4436 4738 4812 5001 5380 5472 5515 5698 5941 43 397 650 1277 1502 2224 2588 2640 3001 3745 3893 4747 337 953 968 1790 2519 2580 2984 2992 3057 3313 3422 3433 3648 3672 3798 4202 4314 4997 5556 5568 5615 401 912 2846 2897 3127 3265 4753 5732 5846 1584 4071 5277 5722 67 4445 4813 5166 5507 3946 5954 4587 
20 14 394 568 646 966 1044 1974 2228 2611 2869 3113 3171 3239 3486 3608 3744 3748 3934 4079 4335 4403 4408 4413 4450 4951 5245 5545 5658 5748 5853 5948 71 94 142 212 219 231 256 296 368 377 427 537 552 574 580 725 780 822 847 848 917 951 989 1015 1096 1147 1172 1204 1252 1279 1295 1417 1440 1465 1492 1500 1546 1617 1633 1663 1794 1799 1819 1853 1991 2054 2081 2111 2119 2162 2164 2165 2207 2259 2265 2276 2319 2330 2336 2366 2371 2377 2560 2566 2573 2584 2635 2657 2682 2742 2751 2811 2839 2936 2997 3072 3152 3191 3206 3212 3218 3296 3421 3451 3463 3512 3557 3560 3624 3719 3783 3814 3818 3856 3880 3912 3947 3987 3992 3996 4038 4074 4132 4161 4171 4228 4308 4374 4389 4508 4511 4571 4607 4640 4675 4820 4839 4862 5075 5092 5098 5120 5176 5192 5458 5497 5517 5588 5675 5768 5797 5802 5806 5826 5835 5877 5963 5988 6026 35 262 279 484 501 663 793 987 1037 1085 1098 1522 2041 2045 2235 2315 2340 2352 2410 2460 2486 2540 2579 2591 2662 2688 2816 2872 2917 3483 3736 3831 4081 4304 4320 4966 5326 5500 5503 5937 5945 72 207 697 1332 2023 4217 4629 149 3328 3416 4353 4836 5751 2969 5617 
21 282 669 681 690 874 950 1146 1222 1335 1523 1567 1752 1845 1862 1943 1976 2153 2344 2554 2578 3092 3309 3354 3595 3646 3685 4055 4194 4220 4404 5094 5214 5290 5680 5755 5844 536 3243 4846 5006 5283 3058 1160 
22 78 164 173 196 220 380 421 511 789 802 922 1107 1487 1491 1786 1851 2006 2226 2311 2510 2548 2745 2833 2850 2870 3046 3091 3185 3277 3442 3547 3720 3721 3785 3953 3999 4064 4173 4175 4199 4218 4621 4667 4881 4932 4943 4967 4986 4993 5003 5074 5121 5140 5203 5551 5610 5975 253 514 1248 2122 2131 2420 2442 2892 2999 3103 3527 3567 3701 3827 3873 4026 4244 4246 5367 5555 5951 5972 2 585 1548 1623 2193 2597 2672 3172 3762 4336 4885 5156 5185 5253 5347 5616 417 439 470 1030 1233 1650 2065 2298 3997 5102 5218 673 788 818 931 949 2272 2739 3816 4209 4440 4474 4705 4852 5206 5917 187 957 2252 2716 3675 5590 459 2625 4849 5848 5819 6036 1221 5565 
23 233 288 432 442 768 856 1060 1189 1224 1304 1423 1451 1455 1629 1710 1846 1966 2052 2300 2497 2513 2555 2607 2613 2758 2790 2929 2963 3141 3224 3281 3374 3540 3586 3628 3667 3738 3865 3879 3948 4169 4183 4188 4364 4524 4643 4683 5100 5109 5211 5230 5251 5265 5329 5475 5536 5692 5913 5920 5933 5986 6033 598 1020 1074 1540 1661 1908 2425 2577 2624 2804 2862 3096 4430 5742 577 2732 749 832 1251 3897 4656 4857 5163 5260 5527 5602 1274 4401 4648 5679 3288 4300 5009 
24 941 5149 364 533 981 3894 4723 4827 5244 1759 2494 2857 3389 3713 4399 5049 5598 5782 410 1474 1644 2071 3469 5535 5640 1113 1253 1368 1436 1596 2394 2553 2628 2644 2653 2744 3268 3564 3619 3750 3925 4249 4252 4342 4559 4936 5403 5671 148 150 200 267 532 686 1376 1462 1638 1642 1723 1761 2022 2046 2121 2173 2458 2706 3040 3124 3166 3179 3394 3472 3585 3598 3849 3918 3964 4160 4466 4482 4614 4772 4921 4922 4939 5028 5142 5266 5546 5603 115 222 362 926 942 1120 1183 1793 1836 1995 2189 2205 2350 2413 2606 2699 3190 3523 3561 3573 3590 3821 3902 3930 4093 4170 4236 4378 4476 4704 4788 4931 5122 5480 136 801 1665 3289 4219 4677 936 1736 3064 2864 3238 5652 5880 6006 
25 92 508 1385 1709 2028 2146 2213 2466 2505 2836 2952 3401 3846 4267 4464 4554 5157 5701 5762 52 161 191 283 354 489 519 636 704 719 752 799 835 853 888 955 1003 1031 1050 1099 1119 1157 1192 1240 1270 1421 1475 1541 1593 1608 1610 1634 1679 1791 1903 1911 1949 2029 2105 2257 2339 2424 2506 2532 2698 2962 3028 3032 3173 3273 3362 3377 3400 3453 3468 3589 3649 3681 3933 3939 3962 4047 4088 4257 4479 4509 4578 4724 4725 4784 4799 4807 4854 4860 4910 4949 4974 4975 4979 5025 5062 5107 5135 5141 5248 5282 5320 5359 5366 5487 5489 5491 5604 5656 5700 5733 5750 5794 5873 5885 37 44 47 113 304 437 527 535 540 555 562 713 745 779 816 821 865 868 887 979 1009 1049 1067 1091 1124 1141 1297 1310 1313 1324 1388 1424 1426 1542 1675 1697 1715 1745 1882 1919 1937 1957 1979 2009 2070 2090 2099 2108 2124 2135 2147 2180 2222 2254 2349 2423 2443 2456 2518 2561 2564 2620 2655 2747 2795 2847 2895 2908 2925 2940 2995 3094 3162 3204 3216 3402 3409 3457 3518 3568 3575 3600 3609 3647 3666 3674 3714 3833 3835 3857 3957 4085 4126 4139 4223 4260 4264 4359 4424 4567 4590 4634 4644 4654 4696 4703 4717 4731 4749 4785 4876 5358 5360 5407 5419 5427 5504 5522 5523 5529 5542 5554 5557 5643 5648 5649 5743 5746 5761 5887 5995 5999 6024 5 165 680 1688 1849 2886 3978 4299 4370 290 2230 2776 263 797 3086 5162 1551 
26 16 163 216 507 531 539 560 589 601 737 741 819 829 884 907 1080 1205 1228 1244 1309 1402 1444 1481 1513 1521 1534 1582 1616 1648 1664 1770 1798 1814 1816 1820 1825 1828 1838 1850 1953 1983 2013 2068 2093 2166 2220 2353 2368 2372 2492 2639 2674 2677 2695 2754 2782 2801 2834 2867 2920 2934 2939 2954 3009 3049 3068 3133 3220 3408 3415 3426 3450 3473 3507 3515 3563 3652 3677 3690 3703 3761 3788 3789 3819 3876 4044 4045 4046 4112 4130 4137 4159 4163 4191 4238 4261 4271 4313 4316 4348 4350 4426 4494 4495 4583 4613 4617 4816 4893 4976 5039 5087 5111 5153 5161 5188 5216 5220 5241 5293 5297 5337 5349 5384 5388 5473 5526 5567 5607 5707 5764 5777 5801 5820 5843 5910 5990 176 178 214 249 315 335 488 509 556 635 1046 1062 1121 1134 1148 1158 1182 1214 1566 1694 1721 1722 1855 2003 2012 2078 2125 2136 2200 2283 2402 2514 2575 2590 2619 2710 2719 2789 2794 2874 3002 3004 3044 3104 3116 3122 3159 3186 3282 3353 3369 3455 3521 3572 3620 3645 3659 3730 3811 3823 4005 4018 4145 4286 4333 4354 4432 4475 4673 4689 4776 4797 4800 4809 4861 4891 4909 4977 5071 5242 5269 5353 5395 5476 5553 5594 5659 5664 5694 5695 5775 5796 5814 5881 5946 5969 5983 5993 5996 6029 3 120 240 254 440 444 521 529 575 603 850 904 935 1057 1229 1288 1395 1517 1543 1544 1597 1622 1695 1806 1829 1890 2100 2227 2269 2312 2726 2748 3005 3168 3316 3448 3492 3566 3587 3848 3859 3885 3904 3960 3977 4103 4155 4290 4405 4449 4500 4733 4805 4842 4892 4907 4914 5013 5016 5240 5385 5483 5591 5628 5864 5982 6023 6025 159 188 358 384 474 578 609 706 747 809 815 893 1219 1266 1396 1507 1687 1984 2055 2238 2242 2334 2346 2689 2840 2942 2990 3000 3037 3063 3255 3269 3588 3810 3844 4120 4142 4312 4367 4692 4923 4942 5070 5077 5116 5456 5486 5807 5874 5904 513 1381 2309 2412 2647 2728 2891 2905 3267 3606 5033 5051 5134 5371 5592 2988 3069 3597 4597 4659 5570 5647 871 4670 5463 4864 648 2966 5411 5861 759 5952 787 
27 4 36 38 60 130 151 228 238 275 277 281 310 318 346 348 381 399 419 420 429 431 541 583 607 631 641 683 710 723 783 796 804 833 855 881 952 980 1022 1045 1100 1102 1108 1171 1173 1211 1247 1271 1281 1379 1405 1457 1518 1556 1581 1655 1711 1730 1753 1809 1832 1843 1858 1885 1923 2219 2245 2304 2338 2341 2407 2449 2517 2621 2720 2823 2859 2878 2909 2931 2970 3062 3128 3175 3196 3254 3257 3275 3290 3321 3363 3435 3509 3544 3546 3576 3604 3610 3615 3632 3653 3663 3668 3676 3700 3731 3739 3907 3986 4001 4007 4075 4177 4207 4259 4283 4381 4411 4490 4492 4503 4536 4573 4579 4616 4685 4690 4706 4838 4879 4898 4969 4970 5002 5052 5057 5072 5136 5148 5159 5215 5239 5287 5291 5321 5324 5364 5365 5381 5394 5436 5439 5449 5470 5477 5482 5513 5520 5581 5612 5627 5696 5702 5706 5710 5869 5870 5911 5939 5960 5984 6034 210 285 395 430 456 761 1210 1283 1328 1353 1359 1490 1550 2155 2503 2608 2903 2913 2975 3112 3198 3419 3424 3459 3505 3525 3769 3909 3982 4054 4118 4154 4338 4530 4674 4735 4987 5004 5165 5322 5705 5803 128 140 181 211 373 413 447 688 742 755 849 886 939 964 1063 1078 1104 1125 1346 1374 1448 1454 1520 1691 1757 1787 1826 1865 2050 2186 2434 2609 2679 2881 3101 3189 3219 3310 3500 3679 3684 3735 3742 3853 3898 3913 4011 4036 4134 4227 4289 4303 4551 4739 5225 5271 5304 5391 5423 5448 5620 5653 5784 5791 5824 5872 5957 68 224 767 959 1161 2563 2645 2762 2830 3385 4114 4340 4618 4829 5338 5531 5571 482 4256 1463 324 2430 5623 1245 4769 2432 
28 29 137 168 252 889 1223 1568 1962 3079 3087 3245 4329 4789 4833 5007 5145 5867 6008 517 1373 
29 643 2612 3495 3616 3661 4552 4574 4585 4810 1422 2798 3232 3323 4164 4558 4863 718 861 1103 1587 3513 3851 4855 5621 2735 2873 5044 
30 2251 4394 1656 2058 3641 5117 5146 1916 2437 2978 3686 3688 4124 896 2516 4366 4406 4455 4700 732 2817 2950 2998 3016 3229 3872 4179 5207 5224 5770 110 336 656 1138 1800 2248 2705 3085 3137 3746 3951 4043 4484 5281 5323 5184 
31 666 3056 3151 3244 3300 3338 3764 3794 3869 3882 3968 4003 4016 4251 4382 4384 4434 4444 4541 4645 4651 4697 4765 4845 4894 4899 4911 4940 5038 5050 5124 5132 5173 5174 3143 3195 3349 3391 3732 3871 3914 4083 4240 4773 5079 5795 3346 3825 3847 4566 2232 4844 5096 486 4760 
32 1151 3843 4105 5895 295 1053 1446 1605 2417 2947 4363 4661 5573 21 349 493 773 1008 1495 1811 2024 2444 3464 3658 3689 3702 3840 3952 4182 4293 4337 4523 4600 4698 4718 4732 5105 5336 5663 5823 48 79 194 604 715 1087 1646 1940 2011 2087 2386 2453 2461 2727 2880 2923 3307 3899 3995 4125 4570 4901 5019 5064 5113 5451 5471 5633 5661 5926 213 351 475 584 730 864 876 1339 1390 1531 1654 1686 2053 2144 2179 2290 2373 2687 2994 3012 3156 3188 3261 3279 3303 3308 3311 3345 3381 3398 3444 3489 3625 3725 3755 3832 3883 3950 3956 4063 4152 4328 4332 4469 4565 4658 4714 5010 5034 5400 5686 5786 5787 5977 6005 6015 9 146 183 453 515 542 548 701 764 769 1111 1480 1879 1880 1881 1968 2167 2194 2385 2729 2809 3319 3327 3410 3613 4285 4460 4662 4915 5014 5267 5425 5511 5654 6014 6028 177 711 1298 1756 1779 2904 3177 3708 5301 5467 5575 5629 6003 1311 3011 5758 1441 5994 661 
33 24 143 167 322 341 464 512 684 696 782 820 851 982 1055 1083 1275 1292 1305 1355 1366 1394 1977 2104 2133 2134 2190 2294 2317 2343 2648 2876 2910 2911 2932 3076 3326 3519 3577 3715 3771 3884 4575 4668 4710 4768 4971 5182 5190 5638 5753 5974 50 131 133 236 367 518 665 756 808 842 846 1075 1110 1112 1115 1232 1264 1429 1501 1580 1683 1693 2019 2021 2069 2096 2114 2201 2223 2234 2320 2383 2471 2638 2767 2951 3110 3249 3497 3592 3638 3651 3692 3717 3740 3765 3870 3906 3942 4136 4148 4166 4373 4383 4390 4588 4726 4796 4877 4926 5045 5046 5175 5285 5344 5346 5368 5460 5519 5564 5681 5683 5759 5934 5987 6035 155 465 594 627 698 812 1260 1449 1841 2073 2157 2168 2389 2781 3111 3149 3205 3231 3411 3603 3842 4106 4180 4193 4361 4561 4605 4871 4962 5183 5561 5606 5810 1677 1701 2615 2884 2901 4358 2899 1576 3065 1167 1344 619 1927 3504 356 3361 3867 1673 2084 3792 5958 3949 3607 
34 806 1727 3039 3805 
35 91 185 193 264 300 469 554 613 958 1056 1282 1326 1336 1425 1508 1573 1674 1750 1751 1805 1807 1823 1824 1857 1955 2067 2241 2345 2565 2594 2717 2792 3043 3051 3153 3201 3511 4185 4560 4584 4657 4766 4896 4933 5060 5172 5249 5275 5319 5560 5650 5704 17 118 147 270 1014 1058 1181 1586 1649 1754 1973 1999 2002 2014 2034 2076 2231 2768 3485 3664 3680 3991 4205 4356 4540 4636 4699 4783 5490 890 1065 1093 1343 1494 1585 2263 2743 2927 3017 3258 3891 4040 4351 4360 638 2171 2284 4095 4216 5688 1537 4764 6038 0 2855 
36 1658 1888 1961 2452 3061 3428 4061 4084 4520 4577 4819 7 186 198 423 473 481 523 530 569 644 654 705 727 918 1000 1116 1163 1180 1202 1206 1227 1241 1265 1278 1290 1529 1604 1657 1732 1842 1844 1942 2115 2418 2774 2819 2824 2831 2871 3030 3053 3066 3449 3538 3617 3790 3807 3820 3881 3984 4087 4121 4213 4481 4527 4652 4679 4781 4886 4927 4956 5268 5316 5318 5332 5334 5393 5465 5492 5508 5521 5547 5579 5635 5811 854 1149 2123 3429 4168 4542 4707 5106 5169 5255 5270 5328 5973 3768 3828 4226 3031 5222 5778 2627 
37 472 5312 2240 5345 347 4550 
38 152 382 415 458 520 596 642 651 679 722 772 837 1005 1194 1212 1237 1285 1289 1299 1301 1333 1532 1547 1571 1595 1810 1871 1909 1964 2000 2085 2110 2192 2282 2498 2547 2576 2696 2838 2882 3059 3119 3167 3192 3217 3234 3251 3297 3570 3618 3718 3793 4013 4067 4086 4248 4262 4305 4438 4549 4596 4612 4622 4623 4627 4702 4709 4755 4759 4786 4928 4990 5026 5029 5058 5061 5115 5144 5155 5243 5246 5284 5379 5390 5397 5398 5408 5410 5548 5583 5611 5639 5713 5772 5780 5798 5799 5809 5815 5817 5862 5876 5882 5898 5918 5927 5932 195 280 352 553 841 1371 1435 2357 2734 3329 3804 4144 4279 4688 4870 5289 5729 42 774 895 1643 2313 3070 5827 5965 597 2094 4948 3322 4774 3193 
39 268 624 991 1325 1478 1635 3252 3420 3571 3976 4375 4782 4875 5076 5558 5832 54 289 331 357 403 592 721 1766 2103 2107 2178 2237 2475 2665 2944 3029 3766 4791 4992 5078 5133 5143 5774 5789 477 1089 1286 1549 1772 2141 2802 3304 3699 4515 4589 4834 5585 8 1001 1981 2395 3199 3293 1226 3036 3920 5651 55 4325 5030 2569 5441 1907 4843 
40 894 1734 2533 4241 5195 59 293 490 652 1106 1564 1668 1778 1913 1996 2256 2515 2681 3526 3532 4274 4512 4694 4924 5167 5454 5562 937 1380 1992 2616 3406 3758 4190 4345 4680 4780 4904 4989 385 1822 3348 3501 3737 3757 3773 5415 573 1516 1990 3253 4158 4230 3129 4798 
41 93 558 639 878 1340 1356 1613 1965 2151 2233 2527 2676 3375 3581 3582 4010 4187 4195 4287 4393 4412 4794 171 1538 1653 2274 2583 3286 3569 5333 
42 87 180 189 260 274 292 325 408 418 478 516 586 637 653 658 668 726 766 944 969 1195 1208 1306 1334 1337 1504 1533 1570 1589 1627 1743 1872 1893 2118 2169 2266 2364 2405 2421 2485 2637 2750 2791 2797 2813 2915 2964 2996 3003 3010 3318 3335 3405 3470 3640 3682 3726 3753 3763 3830 3974 4102 4206 4301 4334 4388 4631 4708 4722 5067 5104 5168 5405 5420 5446 5499 5670 5745 5767 5805 5858 5938 61 66 330 498 623 645 659 754 794 823 920 921 962 998 1017 1021 1033 1123 1140 1590 1684 1733 2126 2152 2323 2348 2379 2408 2480 2487 2626 2675 2730 2763 2785 2928 2989 3150 3169 3170 3237 3379 3438 3712 3716 3777 3826 3969 4214 4221 4302 4327 4341 4343 4496 4501 4507 4851 4878 4888 4955 4983 5085 5125 5213 5352 5389 5537 5552 5572 5589 5682 5889 6039 197 345 446 695 734 1094 1198 1254 1284 1302 1330 1364 1391 1398 1414 1456 1713 1748 1767 1989 2026 2172 2642 2678 2806 2967 2985 3271 3312 3599 4280 4317 4385 4447 4595 4606 4681 4693 4744 4770 5037 5073 5302 5442 5613 5769 5808 5970 307 316 411 450 709 792 838 1242 1316 1682 1735 1896 2072 2204 2308 2367 2669 2977 3181 3226 3299 3390 3482 3490 3517 3520 3559 3687 3756 3966 3988 4006 4386 4505 4649 4745 4822 4830 4900 4908 4916 4938 4999 5086 5129 5518 5549 5566 5599 5645 5687 5781 5947 5971 460 677 1129 1696 1936 2246 2303 2397 2464 2488 2551 2663 2725 2986 3223 3370 3528 3863 4089 4222 4372 4470 5047 5082 5238 5274 5348 5351 5622 5837 5840 174 203 1578 2502 3194 3270 3414 3779 4239 4610 4972 5919 582 1039 1545 2404 3142 3158 3975 4592 5660 986 2495 3073 3915 4625 2302 441 4014 
43 109 125 510 993 1191 1619 2686 2822 3656 3954 4051 4811 4873 5088 5178 5194 5833 407 492 929 1188 1717 1959 2007 3358 3440 4468 4556 4762 5257 5766 13 294 340 370 425 845 1047 1209 1351 1526 1944 2061 2556 2756 2793 3208 3378 3642 3643 3650 3875 3911 4453 4461 4498 4751 4779 5018 5339 5412 5431 5665 169 485 525 647 670 724 777 791 1019 1420 2214 2463 2508 2664 2860 2889 2946 3174 3247 3340 3386 3924 4443 4497 4519 4535 4564 4756 4874 5056 5372 5514 5540 5582 5584 5618 5631 5673 5709 5749 5812 5868 5906 101 121 144 226 251 266 350 463 632 786 880 977 1152 1199 1230 1659 1671 1741 1788 1830 1901 1924 2128 2170 2280 2306 2324 2500 2585 2810 3078 3126 3256 3336 3446 3854 4563 4633 4741 5095 5114 5452 5459 5756 62 735 899 1744 3754 4619 4880 3222 3236 3324 3524 622 717 2149 2381 3926 4414 5825 2629 3636 
44 693 1317 1345 1479 1703 1922 2031 2106 2521 2595 2740 3164 3580 3797 3801 4002 4019 4094 4357 5605 5855 291 334 393 434 471 487 572 873 1213 2631 2828 3007 3015 3274 3306 3382 3445 3579 4101 4108 4184 4419 4729 4991 5170 5728 5740 5923 1641 2399 4985 5126 5669 5677 259 546 3491 5331 5776 5976 1082 2478 2537 2829 4859 5962 2396 
45 25 33 73 108 172 204 215 230 271 284 306 365 391 404 454 455 462 495 504 545 549 557 593 605 691 736 831 866 947 1018 1073 1086 1142 1178 1262 1273 1293 1342 1360 1382 1403 1433 1459 1473 1512 1524 1555 1558 1583 1599 1630 1705 1708 1747 1775 1789 1834 1852 1860 1886 1900 1921 1970 1982 1998 2001 2035 2040 2267 2296 2347 2355 2406 2416 2447 2457 2483 2501 2522 2525 2543 2605 2630 2660 2680 2694 2721 2746 2749 2753 2760 2787 2845 2848 2858 2865 2879 2898 2902 2943 2993 3025 3027 3041 3054 3074 3080 3082 3097 3098 3100 3115 3184 3200 3215 3228 3276 3285 3292 3301 3342 3364 3373 3384 3388 3441 3462 3474 3535 3555 3639 3655 3669 3678 3705 3707 3772 3774 3786 3802 3822 3829 3834 3878 3890 3944 3955 3993 4020 4027 4042 4052 4056 4076 4078 4082 4098 4117 4123 4143 4178 4212 4215 4233 4245 4268 4282 4296 4365 4417 4425 4441 4446 4448 4452 4471 4472 4502 4510 4521 4537 4569 4598 4601 4646 4665 4676 4787 4795 4865 4905 4920 4925 4941 4945 4947 4980 4998 5027 5089 5119 5137 5152 5177 5247 5272 5298 5299 5374 5396 5414 5417 5421 5432 5494 5510 5574 5595 5625 5626 5630 5636 5690 5703 5719 5721 5727 5735 5763 5785 5793 5847 5859 5884 5907 5959 5968 5980 5989 6009 6012 265 433 2803 4639 4362 5059 138 2184 4917 5992 6002 863 1217 4435 272 409 2667 5091 5032 
46 1097 4935 4306 
47 26 383 506 810 1040 1323 1400 1525 1553 1739 1867 1868 1873 1910 2038 2215 2369 2392 2601 2668 2837 3077 3248 3250 3938 4109 4133 4153 4377 4841 4902 5023 5131 5295 5325 5327 5422 5424 5501 5512 5541 5608 5744 5834 5845 80 298 563 913 1026 1314 1618 1906 1971 2331 2384 2476 2511 2542 2546 2703 3317 3812 4107 4128 4186 4529 4543 4701 4713 5063 5164 5227 5445 5453 5469 5578 5838 119 3404 3467 4988 5209 2941 5258 3542 4368 5066 5593 3887 
48 6 19 31 51 63 83 84 97 99 139 154 184 255 319 327 361 476 491 494 522 567 606 608 682 685 687 746 760 784 897 905 906 985 1002 1029 1048 1069 1088 1090 1101 1135 1154 1156 1294 1312 1319 1327 1341 1370 1407 1413 1438 1453 1458 1467 1489 1498 1557 1563 1577 1600 1603 1621 1628 1639 1645 1660 1731 1783 1813 1839 1848 1854 1877 1939 1960 2020 2036 2142 2143 2158 2185 2253 2325 2326 2365 2370 2387 2400 2415 2431 2468 2562 2572 2586 2593 2602 2691 2700 2704 2799 2812 2815 2841 2971 3075 3088 3099 3105 3125 3155 3221 3367 3432 3439 3447 3479 3534 3552 3583 3633 3670 3724 3799 3800 3813 3841 3860 3861 3895 3916 3940 3967 3979 3983 3985 4030 4034 4039 4069 4072 4097 4110 4116 4146 4247 4277 4291 4315 4319 4331 4376 4402 4416 4423 4459 4462 4480 4486 4533 4568 4586 4691 4712 4746 4847 4856 4934 4964 5093 5154 5201 5226 5262 5296 5307 5357 5387 5434 5450 5468 5509 5530 5691 5730 5739 5752 5771 5818 5875 5922 5931 5961 6032 102 1702 2499 6022 3862 5435 2411 3630 602 
49 40 123 996 1095 1234 1287 2534 3550 4099 4225 4273 4757 5015 5187 5430 5854 5863 4157 4167 4611 4715 5720 