0 35 354 1305 1850 2009 4304 4488 5432 734 1296 1398 3326 3415 715 876 880 1245 1355 3623 508 5358 5823 995 5010 1610 1756 5746 2097 3690 4041 5318 1693 4584 5204 3264 3852 936 1150 3388 2231 3508 3653 
1 300 481 730 769 1841 1942 2167 2180 2418 2483 3284 3470 3674 4027 5879 
2 270 790 839 1696 2222 2241 2257 2382 2413 2877 3568 3768 4085 4257 4749 5305 5840 9 91 165 821 1086 1140 1425 1500 1598 1754 2099 2809 3755 3815 3944 3966 4386 4421 4516 4634 4636 4747 4783 5004 5162 5761 5846 47 1555 1644 1921 3258 4704 5529 2108 5995 638 1968 2933 3319 2105 5604 4410 
3 527 933 1193 1860 2488 3270 3599 4006 4334 5086 5130 5139 25 203 337 1171 1389 1545 2379 2564 2663 2775 3043 3086 3678 3712 3956 4000 4321 4374 4504 4785 4820 5090 5425 5579 5999 1608 2644 2682 3081 3335 3357 3518 3557 3899 4818 5152 5442 1183 2221 3708 3945 267 2010 3362 4004 222 1198 2628 5181 498 5619 2263 5511 675 
4 3291 
5 148 224 956 1732 2375 2985 3053 3079 3682 3684 3820 4479 4646 5370 186 1112 1210 1241 1483 1627 1757 1835 2101 2626 2819 2840 2859 2917 2966 3828 4606 4679 4822 5069 5073 5457 2871 3260 3424 3486 5076 5492 1766 5183 4770 5521 
6 258 338 672 676 727 927 1893 2083 2484 2607 2627 2675 2732 2783 2824 3300 3720 3821 4102 4842 5392 5769 130 149 237 292 302 550 726 754 800 1068 1195 1217 1231 1254 1278 1287 1290 1373 1606 1844 1953 2172 2177 2352 2367 2633 2683 2946 2996 3142 3228 3265 3276 3829 4081 4592 4604 4728 4789 4889 4927 4961 4983 5138 5343 5348 5428 5603 5652 5751 5926 654 965 1226 1280 1560 2793 2979 3209 3907 4579 4860 5123 5250 5339 5899 5909 517 705 5973 2049 3071 3975 3199 2218 1864 
7 3 48 83 86 99 121 211 235 247 255 287 288 359 384 396 478 561 671 692 738 784 802 864 875 973 993 999 1070 1081 1092 1277 1348 1463 1577 1815 1829 1960 2078 2095 2226 2299 2364 2376 2467 2508 2521 2538 2597 2671 2767 2861 2891 2926 3021 3060 3154 3161 3182 3278 3430 3534 3554 3593 3630 3665 3673 3700 3736 3776 3808 3903 3905 3913 3974 4029 4079 4142 4146 4172 4312 4478 4738 4847 4893 4960 5168 5225 5229 5292 5335 5341 5509 5580 5610 5631 5647 5667 5711 5730 5807 5812 5841 5855 5872 5875 5893 5930 5935 6007 6019 6027 6032 6 39 248 250 350 373 417 438 522 525 578 608 684 755 766 852 862 893 978 979 1004 1187 1209 1288 1303 1522 1557 1574 1628 1671 1761 1870 1886 1920 2255 2315 2348 2400 2419 2428 2468 2509 2520 2551 2572 2590 2593 2728 2761 2811 2829 2864 2914 2921 3046 3047 3072 3115 3220 3256 3344 3367 3431 3460 3488 3499 3521 3522 3533 3555 3581 3741 3799 3904 3936 3963 4001 4019 4065 4094 4100 4247 4319 4375 4402 4423 4493 4581 4603 4624 4649 4673 4721 4730 4732 4745 4861 4909 4965 4974 4981 5016 5070 5093 5103 5236 5283 5300 5362 5381 5384 5401 5413 5450 5472 5533 5646 5657 5686 5714 5738 5739 5744 5745 5752 5789 5868 5878 5911 5920 5925 5950 5967 5974 6020 6021 2 12 104 124 372 399 494 537 566 660 1128 1197 1307 1559 2142 2191 2193 2271 2393 2431 2459 2805 2992 3089 3133 3137 3160 3184 3365 3464 3613 3866 3921 4377 4414 4476 4631 4639 4776 4793 4840 4852 5021 5137 5338 5372 5577 5582 5623 5700 5828 230 239 678 887 915 987 1688 1690 1939 2462 2688 3062 3315 3407 3660 3696 4535 4641 5271 5514 5645 5731 430 847 1126 1803 2490 3147 3267 3566 3579 3810 4211 4688 5019 169 495 729 883 1894 1948 2341 2956 3432 3505 3616 5488 5781 3268 4545 2157 3090 3144 4074 4918 1916 2436 3418 5820 5936 1408 1503 1821 2399 4422 5729 3752 5848 1741 5835 2082 4022 1702 3965 5321 3989 5687 512 982 262 4630 614 
8 2935 
9 528 670 952 1215 1266 1391 1544 1881 1902 1946 2054 2058 2118 2347 2592 2604 2942 3480 3492 3888 3911 4113 4117 4192 4355 4362 4456 4633 4685 4920 5007 5018 5020 5412 5440 5444 5677 5715 5732 5756 5957 207 229 269 376 455 622 938 984 1133 1412 1414 1497 1889 1924 2245 2337 2392 2554 2571 2618 2690 2729 3044 3230 3269 3369 3392 3435 3977 4049 4432 4437 4521 4530 4733 4825 4900 4944 5033 5119 5160 5354 5436 5468 5685 5725 5768 5857 5962 736 1175 1419 1436 1439 1774 1801 2121 2780 2938 3620 4143 4415 5127 5375 5534 5552 5595 5776 5873 5994 189 294 1859 2139 2954 3109 3177 3303 3452 3587 4686 4905 5977 2175 4176 5276 5722 590 1983 2951 3510 3657 1502 5584 976 2865 2900 4095 3909 4400 1900 3355 1129 2747 4071 4092 719 5208 845 1104 3650 4489 
10 16 22 41 335 444 562 601 948 970 1118 1134 1205 1214 1361 1394 1597 1694 1722 1745 1855 1890 1984 2087 2598 2739 2867 2920 3011 3095 3104 3122 3168 3282 3606 3677 3714 4005 4120 4159 4209 4271 4290 4326 4332 4405 4805 4971 4993 5052 5337 5388 5555 5591 5775 515 697 857 1178 1616 2166 2934 3273 3760 3873 3960 4976 5111 5277 5594 5800 6029 1131 4218 4867 5166 5592 2003 2465 4460 5456 6017 2561 2807 3922 1311 3098 315 3441 3528 507 2454 5910 1482 3515 3798 
11 5982 120 176 178 221 240 261 341 358 421 461 470 509 521 529 531 546 556 585 609 635 673 688 741 747 819 881 1046 1056 1062 1158 1232 1244 1372 1402 1441 1462 1473 1521 1588 1622 1664 1672 1760 1770 1816 1825 1851 1949 2012 2013 2025 2125 2131 2136 2200 2238 2239 2269 2283 2298 2312 2329 2343 2353 2420 2492 2727 2782 2788 2789 2794 2896 2905 2988 2999 3002 3004 3009 3010 3027 3037 3049 3091 3118 3172 3316 3444 3455 3481 3567 3645 3652 3659 3675 3730 3811 3819 3827 3844 3848 3859 3885 3930 3946 3953 4130 4137 4189 4199 4222 4238 4244 4246 4316 4349 4354 4449 4500 4608 4617 4620 4667 4669 4705 4885 4891 4892 4907 4977 5013 5039 5071 5074 5077 5087 5126 5128 5185 5186 5210 5216 5269 5297 5367 5395 5473 5483 5484 5517 5553 5559 5616 5707 5777 5796 5852 5864 5881 5883 5904 5946 5969 5972 5983 5996 6025 24 164 435 471 575 584 648 785 791 884 904 1121 1164 1491 1818 2514 2726 2741 2844 2874 3076 3509 3644 3701 4069 4181 4609 4797 5140 5231 5241 5293 5306 5822 5843 5952 380 440 643 761 871 879 1364 1396 1517 2199 2677 2968 3051 3135 3159 3446 3507 4026 4817 4914 5203 5398 5486 5669 771 1248 2223 2748 3015 3353 3448 3580 4064 4175 4474 4943 4985 5002 5891 775 891 949 1783 2647 4594 4689 5659 5695 2273 3572 5188 5632 3442 1513 5814 2334 1566 5740 
12 4774 13 20 29 31 36 40 45 46 50 53 54 60 71 78 79 84 85 88 90 93 97 105 123 125 140 141 151 152 154 159 163 166 167 170 171 179 188 190 196 199 202 205 208 212 214 216 220 225 242 245 246 252 253 268 276 278 279 281 282 289 293 310 314 316 324 344 352 355 356 363 364 366 377 381 382 383 386 394 400 404 406 413 416 420 427 431 432 433 436 445 446 447 448 454 459 464 466 467 472 482 484 485 487 488 490 496 501 511 518 524 526 534 539 544 551 554 558 560 567 571 572 573 577 579 580 588 591 599 605 606 618 624 626 639 641 657 664 667 685 687 706 708 718 737 740 744 746 757 760 762 767 774 781 783 789 793 798 803 813 820 825 826 832 833 834 835 840 851 859 865 869 878 885 905 907 911 912 922 924 931 937 940 941 946 950 968 981 985 991 992 994 996 1005 1006 1007 1008 1010 1011 1012 1013 1022 1023 1036 1038 1041 1044 1045 1047 1048 1055 1060 1069 1075 1080 1082 1084 1090 1094 1101 1102 1110 1122 1125 1135 1142 1144 1153 1155 1170 1177 1184 1186 1188 1189 1191 1196 1212 1213 1224 1225 1233 1235 1236 1239 1246 1249 1252 1256 1269 1274 1276 1281 1282 1292 1295 1304 1308 1309 1317 1318 1325 1326 1331 1335 1340 1345 1350 1362 1363 1367 1370 1387 1405 1409 1411 1416 1422 1423 1443 1444 1451 1453 1455 1458 1468 1476 1477 1478 1479 1484 1486 1487 1492 1507 1516 1525 1533 1534 1549 1552 1553 1558 1561 1564 1567 1572 1573 1581 1587 1589 1595 1602 1603 1609 1611 1614 1620 1621 1624 1629 1637 1645 1650 1652 1655 1659 1660 1661 1663 1668 1673 1683 1699 1703 1704 1707 1710 1712 1714 1724 1728 1746 1753 1759 1762 1782 1784 1786 1787 1791 1794 1807 1809 1812 1817 1820 1822 1828 1831 1837 1839 1843 1845 1848 1863 1866 1871 1887 1892 1897 1906 1909 1910 1913 1917 1918 1934 1963 1966 1970 1974 1978 1985 1989 1990 1992 1993 1996 2005 2031 2032 2033 2035 2036 2043 2044 2052 2064 2065 2073 2080 2103 2107 2110 2114 2122 2132 2133 2134 2138 2143 2151 2159 2168 2181 2190 2196 2203 2208 2209 2215 2219 2225 2228 2233 2244 2251 2252 2256 2259 2267 2268 2272 2276 2286 2288 2290 2294 2314 2317 2318 2325 2328 2335 2338 2355 2356 2359 2360 2366 2368 2380 2383 2384 2395 2404 2407 2411 2412 2415 2416 2421 2429 2430 2432 2433 2439 2440 2442 2446 2449 2450 2451 2463 2466 2469 2474 2478 2481 2482 2487 2493 2494 2501 2504 2510 2511 2515 2516 2518 2523 2524 2526 2529 2530 2531 2533 2535 2537 2542 2544 2548 2552 2553 2555 2557 2559 2562 2573 2577 2581 2583 2586 2587 2595 2596 2601 2605 2611 2612 2613 2621 2622 2625 2631 2638 2639 2645 2646 2649 2651 2652 2656 2657 2659 2666 2672 2674 2676 2681 2685 2686 2689 2695 2697 2701 2704 2705 2706 2709 2710 2712 2715 2716 2720 2721 2731 2734 2743 2754 2757 2758 2762 2766 2774 2798 2812 2814 2815 2818 2821 2822 2826 2833 2835 2849 2854 2855 2866 2868 2870 2876 2878 2883 2892 2901 2903 2907 2911 2922 2924 2929 2947 2949 2955 2964 2970 2976 2980 2981 2986 2991 2997 3007 3008 3014 3020 3026 3029 3033 3039 3042 3059 3061 3087 3088 3096 3103 3106 3112 3121 3123 3126 3131 3132 3143 3145 3148 3151 3152 3164 3167 3175 3178 3187 3189 3211 3213 3214 3221 3224 3231 3233 3235 3240 3243 3244 3253 3254 3257 3263 3272 3274 3275 3277 3283 3286 3288 3290 3292 3302 3306 3323 3324 3329 3334 3337 3342 3346 3347 3349 3354 3359 3371 3374 3375 3380 3381 3382 3384 3387 3391 3395 3397 3403 3405 3406 3408 3420 3426 3428 3439 3445 3450 3454 3458 3462 3479 3487 3491 3494 3495 3501 3526 3529 3536 3541 3543 3544 3547 3548 3551 3553 3569 3573 3574 3582 3586 3594 3597 3601 3603 3605 3615 3626 3631 3632 3633 3635 3639 3641 3643 3646 3648 3654 3655 3661 3669 3679 3691 3702 3707 3713 3721 3724 3729 3733 3737 3738 3742 3743 3746 3747 3749 3757 3764 3771 3775 3778 3782 3784 3786 3787 3794 3796 3797 3801 3802 3804 3813 3816 3825 3837 3842 3855 3861 3862 3864 3868 3869 3872 3875 3876 3878 3882 3892 3894 3896 3910 3914 3917 3918 3925 3927 3931 3932 3935 3938 3943 3948 3949 3951 3955 3958 3959 3961 3968 3976 3979 4007 4009 4010 4011 4016 4018 4024 4037 4044 4051 4055 4056 4058 4060 4068 4072 4073 4075 4090 4096 4099 4104 4105 4108 4110 4112 4118 4119 4124 4127 4132 4141 4145 4148 4150 4153 4154 4156 4158 4163 4164 4165 4177 4179 4183 4187 4190 4191 4195 4196 4197 4198 4200 4201 4207 4208 4210 4213 4215 4227 4229 4230 4243 4245 4248 4253 4254 4258 4261 4263 4269 4272 4274 4275 4281 4282 4287 4294 4296 4299 4300 4303 4306 4310 4313 4315 4318 4324 4329 4330 4331 4337 4339 4340 4345 4347 4348 4357 4364 4365 4371 4382 4384 4390 4391 4392 4394 4395 4397 4398 4399 4401 4409 4418 4420 4426 4433 4439 4440 4444 4452 4461 4462 4463 4468 4480 4485 4491 4492 4494 4499 4502 4503 4512 4514 4524 4526 4528 4532 4536 4537 4538 4541 4546 4547 4548 4552 4553 4554 4556 4557 4558 4562 4564 4569 4573 4574 4575 4582 4586 4596 4601 4602 4611 4613 4615 4621 4627 4629 4635 4637 4640 4645 4648 4650 4656 4659 4664 4675 4676 4682 4691 4692 4694 4695 4697 4706 4709 4711 4722 4723 4726 4729 4739 4742 4748 4750 4751 4752 4755 4757 4759 4760 4762 4763 4765 4766 4768 4775 4777 4780 4786 4791 4796 4803 4804 4819 4821 4835 4837 4838 4843 4845 4849 4850 4858 4859 4862 4863 4870 4875 4877 4879 4880 4882 4890 4894 4895 4899 4910 4911 4913 4922 4924 4925 4934 4940 4942 4948 4954 4959 4968 4969 4970 4975 4987 4990 4991 4995 4996 4997 4998 5003 5006 5009 5011 5027 5042 5044 5050 5051 5054 5061 5065 5067 5072 5079 5088 5092 5100 5104 5109 5114 5115 5116 5118 5121 5122 5132 5143 5144 5145 5146 5148 5149 5151 5153 5158 5159 5161 5167 5170 5173 5174 5175 5191 5193 5195 5198 5201 5202 5205 5206 5209 5212 5213 5214 5215 5217 5227 5230 5234 5237 5239 5240 5242 5243 5244 5257 5261 5265 5273 5275 5278 5279 5287 5289 5294 5298 5303 5307 5308 5312 5313 5319 5324 5325 5327 5330 5333 5345 5347 5355 5357 5359 5369 5374 5376 5378 5379 5380 5382 5390 5391 5397 5399 5406 5408 5409 5410 5414 5415 5416 5438 5439 5455 5460 5464 5466 5470 5477 5480 5497 5499 5502 5505 5508 5513 5520 5524 5526 5528 5531 5532 5545 5548 5551 5561 5562 5563 5576 5578 5583 5585 5588 5589 5590 5605 5607 5611 5618 5634 5636 5639 5650 5655 5665 5668 5671 5673 5680 5689 5696 5699 5710 5712 5713 5718 5724 5734 5755 5759 5771 5772 5780 5782 5788 5795 5799 5802 5803 5809 5813 5815 5816 5827 5829 5838 5849 5862 5863 5865 5869 5876 5896 5897 5898 5900 5903 5908 5917 5922 5927 5934 5940 5943 5958 5966 5978 5986 6003 6011 6014 6016 6028 6030 6037 5 19 59 63 70 143 233 285 291 321 393 439 583 602 631 682 873 897 916 1162 1228 1312 1528 1535 1575 1579 1580 1613 1964 1986 2137 2149 2284 2311 2342 2363 2370 2378 2441 2517 2740 2931 2939 3067 3075 3237 3246 3285 3372 3404 3447 3656 3766 3940 4034 4038 4157 4277 4305 4320 4441 4593 4690 4712 4718 4758 4782 4824 4871 4884 5032 5154 5178 5190 5296 5302 5350 5371 5434 5435 5476 5627 5694 5792 5818 5834 5931 5942 5992 6026 317 652 1341 1738 2365 2387 2424 3070 3155 3838 4544 4668 4671 4754 4992 5353 5387 5833 899 901 1315 2116 2346 4067 4144 4162 4412 4769 5026 15 510 3101 3524 5223 5693 1415 1718 1771 1833 1928 2357 2857 3971 4204 4930 42 218 722 2182 2576 4702 2051 2192 3350 4623 4663 1861 1955 1810 303 2828 3622 874 1452 2372 4973 699 483 1294 5801 1257 5196 520 5361 6033 502 1025 4135 5475 5798 157 2519 5005 5057 2513 3185 3287 4872 5220 5550 5817 1438 1538 1846 2158 4109 4428 4518 5068 5998 1891 3038 3443 5291 5310 390 988 4967 5066 5124 906 1976 2486 4036 4442 4543 73 1097 4292 4425 4563 5314 11 4173 4002 3281 4255 1969 139 3763 5944 
13 318 410 751 854 1136 1382 1586 1896 1987 2040 2072 3474 3517 4344 4578 5014 5106 5171 5316 5328 5811 5877 330 411 1163 1202 1700 1925 3939 4481 5887 1265 5758 5332 2236 
14 4 75 98 132 181 280 308 479 492 594 610 665 735 753 786 944 951 959 997 1000 1063 1078 1137 1230 1240 1286 1346 1406 1576 1592 1715 1832 1975 1981 1999 2069 2186 2189 2205 2235 2260 2306 2437 2460 2641 2662 2816 2858 2869 2897 2967 3013 3056 3073 3085 3153 3296 3304 3327 3330 3339 3456 3503 3537 3658 3853 3886 4042 4171 4234 4308 4346 4411 4451 4619 4643 4725 4792 4936 4966 5036 5147 5182 5235 5249 5365 5423 5441 5560 5597 5601 5648 5706 5709 5784 5791 5884 5948 5997 7 8 10 55 95 228 256 266 286 569 589 732 794 1015 1108 1138 1176 1238 1359 1457 1531 1625 1723 1823 1824 1827 1840 1907 2026 2077 2173 2178 2220 2265 2458 2635 2653 2932 2936 3065 3171 3173 3202 3212 3239 3245 3249 3333 3338 3385 3417 3423 3451 3531 3719 3790 3830 3834 3889 3920 4161 4429 4484 4642 4658 4834 4874 4951 4962 5498 5501 5547 5717 5824 5870 110 700 844 886 1031 1349 1392 1399 1401 1772 1798 2229 2371 2569 2969 3034 3497 3532 3871 4250 4381 4700 5049 5400 5404 5912 5984 388 412 721 723 942 1021 1093 1584 1662 1931 1962 2141 2321 2332 2386 2616 2881 3036 3773 3942 4167 4289 4298 4570 5437 5515 5747 6034 331 592 961 3041 3099 3309 3699 3916 4098 4369 4607 4839 5015 5028 5430 5482 5806 5987 68 200 967 1166 1908 2665 2737 2944 3176 3356 3780 3926 4767 5654 81 94 1077 1089 1103 1204 2111 2556 3363 3783 4988 5765 5832 935 1669 2008 4273 4325 4589 5965 2160 2799 3785 3973 4616 5558 2330 238 2602 2862 3550 3860 5274 5637 932 5831 958 3238 4482 2599 6008 1706 3183 2237 2350 1098 1234 3003 1001 1520 4224 3236 5609 5975 658 2397 5030 
15 1169 5679 5702 5805 1190 3634 
16 3216 
17 274 637 1043 1208 1320 1590 1682 1735 2169 2502 2751 3562 3753 3988 4280 4288 4301 4753 5238 5286 5326 696 1680 2408 2455 3472 4077 4341 4595 4736 4831 4881 5040 5280 5622 1959 2684 3438 3516 1594 3902 4174 4908 175 1028 3320 4465 5043 5537 860 2505 5478 5989 480 1261 2750 3845 4239 4848 23 387 653 986 1769 2808 5340 5970 3169 3671 5134 765 2066 3194 5670 1767 2309 4938 612 3414 4687 3781 1570 1743 3600 4033 219 5420 4708 405 
18 201 301 328 437 530 677 709 1050 1067 1111 1116 1119 1353 1424 1446 1447 1604 1646 1675 1957 2062 2076 2115 2776 3030 3066 3311 3390 3461 3525 3561 3647 3791 3833 4084 4088 4351 5393 868 1612 1736 3307 3310 3538 4032 4311 4040 
19 4466 
20 5748 
21 548 1679 4978 4507 
22 1145 2130 2589 3770 5853 807 1016 3806 4519 4836 277 903 2128 4259 4336 389 1721 2055 3676 4008 5596 620 1356 2851 3761 3800 3803 3997 1185 1642 3805 3843 3895 4333 666 2624 2909 3351 4013 5928 6004 858 2351 4363 1780 1930 3197 304 2154 3527 4495 867 1998 3999 4030 2100 4513 5821 829 3206 4101 4122 5728 4184 
23 145 174 587 1631 1973 3841 4185 4477 4957 234 519 1684 1716 2204 2339 2536 3298 3370 3883 4297 4662 4963 5107 5270 5467 5754 5786 135 695 1748 2388 2678 2927 4795 2853 4949 4950 5089 918 1488 5500 1058 1342 1324 4903 4472 5808 4665 3546 5417 
24 815 1242 3139 3610 4076 4520 4814 2744 3993 5449 5518 1874 1938 2623 3364 3750 5055 1591 2940 5837 2461 4654 5221 2937 4941 
25 1697 1898 3704 5053 5386 5762 6015 6035 1018 1149 1223 1670 2543 4063 5110 2123 
26 367 402 668 756 1328 2452 2558 3124 3619 3964 4115 4216 4815 191 348 686 698 745 853 921 934 1049 1085 1283 1541 1665 1793 1805 1878 1961 1967 2742 2770 2823 2839 2895 2925 3000 3050 3204 3411 3440 3453 3463 3539 3689 3715 3849 3970 4054 4061 4093 4116 4138 4140 4182 4309 4403 4610 4625 5082 5363 5364 5427 5914 162 305 896 1120 1141 1515 1777 1792 2021 2503 2539 2846 2930 3449 3590 3969 4735 5452 5656 5779 5880 428 473 1172 1206 1927 3064 3314 3867 4087 14 773 1523 2046 2059 3624 4788 817 1124 3146 4342 5323 89 2699 4952 713 4406 
27 974 2760 3640 3759 4021 4111 4149 5949 1819 2302 3726 4203 4327 623 748 1057 2566 2582 3299 4883 32 156 1100 2278 2401 2785 4052 4302 325 650 928 1368 3312 1388 1726 2637 2730 3313 3877 4166 122 1123 1259 2224 5683 57 299 5737 2163 4278 2410 6009 4888 4380 
28 720 969 998 1243 2185 2995 3609 4212 4249 4387 4471 5681 5836 198 1376 3190 3413 3858 5248 1666 3188 5102 2886 5554 3588 2945 3835 5766 2856 4155 
29 397 424 576 630 954 1039 1456 1936 2161 2322 2879 2912 2965 3057 3421 3512 3519 3716 3756 3769 4059 4214 4559 4561 4828 4921 5041 5048 5125 5192 5263 5320 5403 5614 5753 5785 260 586 689 920 923 972 1300 1395 1551 1649 1657 1804 2187 2262 2667 2773 2817 3016 3127 3158 3166 3259 3410 3577 3611 3695 3814 4025 4378 4457 4508 4599 4674 4833 4868 4994 5095 5101 5433 5629 5676 5698 5919 456 600 1469 2174 2836 3226 3419 3772 4121 4178 4823 4898 4931 5046 5135 5774 223 2394 3215 3836 4470 4655 4979 5490 5556 5810 5825 453 1596 2786 3074 3703 4450 4458 5222 5487 1264 2022 2171 2522 3111 3672 3751 4958 5224 5334 5937 5955 385 1227 1420 2207 2588 3157 3559 4448 5304 5451 5564 5705 5905 1429 1490 2736 2973 5653 150 401 5197 890 2749 3191 4193 4435 1271 1366 1865 2746 3732 953 3893 
30 28 129 173 1052 1472 1489 1496 1695 1725 2253 2264 3241 3262 4031 4352 5993 425 434 476 538 559 777 1017 1029 1030 1319 1327 1337 1471 2145 2402 2434 2444 2574 2650 3023 3227 3360 3670 3901 3996 4017 4048 4097 4129 4416 4487 4510 4660 4984 5262 5349 5389 5530 5625 5678 5708 5923 92 603 728 1154 1465 1623 1869 1947 2261 2764 2771 2875 2889 2893 2993 3084 3280 3399 3578 4147 4242 4260 4286 4350 4511 4746 5496 5981 100 259 645 1357 1417 1995 2164 2301 2619 2803 3352 5907 2373 3762 4800 4809 5317 2575 3662 5331 6023 2918 4103 6006 117 4367 
31 542 549 1634 1763 1940 2303 2908 3031 3271 3625 4020 4447 4509 4724 4731 4807 5503 147 2014 2528 4047 4226 1982 2906 3400 2202 5025 
32 34 58 264 332 339 792 930 1071 1073 1161 1322 1360 1539 1647 2071 2240 2354 2422 2692 2694 2888 3035 3328 3427 3584 3585 3698 3890 3929 4014 4267 4285 4467 4576 4597 4644 4737 4808 4853 4906 5059 5091 5097 5108 5156 5157 5252 5351 5593 5741 5757 5767 5804 6013 6038 27 106 290 346 347 418 443 629 634 863 872 909 1033 1037 1065 1072 1546 2293 2308 2480 2491 2496 2584 2698 2765 3434 3621 3681 3795 4221 4233 4572 4653 4744 4771 4816 4832 4844 4972 5047 5179 5184 5200 5254 5446 5565 5572 5660 5703 5733 5901 5985 6031 533 640 1253 1354 2305 2476 2941 3887 3980 3981 5008 5463 5602 5672 5951 378 1330 1512 2546 3048 3809 5539 5581 5615 5763 1510 2549 3731 5735 3389 856 1051 5256 796 2120 990 5309 3477 3857 4431 1377 5523 2630 3476 333 
33 1381 4583 2048 2790 3467 3542 4810 4919 26 669 1074 1445 1569 1739 1904 2810 3170 3180 3416 3504 4186 4188 4220 4323 4419 4713 4855 4928 5094 5194 5211 5608 80 182 749 805 824 1040 1314 1862 1867 2088 2170 2331 2497 2702 2916 2963 3069 3077 3186 3317 3513 3628 3851 4529 5023 5129 5131 5536 5541 5570 5692 5720 5749 5906 392 768 836 1027 1130 1160 1255 1329 1400 1524 1776 1944 1965 2079 2280 2396 2837 3219 4194 4404 4550 4651 4666 4734 4779 4841 5165 5251 5418 329 621 644 1035 1442 2578 2585 2759 3343 3459 3484 3667 3865 3923 4368 4781 5012 5493 5933 468 506 861 1179 1404 1618 1641 1790 1873 2990 3058 4128 4515 4683 4716 4846 4873 5258 119 195 945 1956 2153 2735 2772 3130 3358 4701 4740 4902 4923 5329 5664 449 563 2425 2606 2703 3105 3248 3250 4028 4045 5169 5290 5845 311 370 964 1385 2475 2804 3138 3565 4566 4794 5422 5453 5469 5742 5961 1002 1648 1653 1868 2545 2959 3247 4693 5133 5540 5976 810 913 1526 1681 1733 1945 2296 3305 3540 4430 5056 5630 5736 87 298 442 843 1568 1858 2006 2344 2560 3685 4366 4857 5078 5424 5527 66 477 598 1114 1554 1667 2242 2950 2962 3396 3693 4083 5295 5587 5858 463 1026 1380 1474 2534 3368 3466 3847 5867 296 419 1323 1540 3318 3879 4050 4080 4107 4525 4715 4743 4761 5260 5638 334 3471 4169 4935 4989 5819 1034 2668 3116 3210 4464 2830 4806 2615 3383 3465 3754 4946 5063 2725 5790 357 1351 2038 2323 3141 265 403 1251 2369 3174 3831 5459 284 536 759 1617 1958 1971 2500 3373 3739 4133 4756 5096 1842 2797 2974 3129 3165 3412 3514 3812 4684 5723 2787 3078 4062 4904 5232 681 5445 3134 3897 724 5701 5938 4912 374 2409 3052 5352 5512 4869 4151 5163 5773 1066 2603 3530 
34 1014 1087 1284 1979 2506 3223 3617 4168 4276 5099 5642 5830 423 888 1180 4343 4542 5794 
35 345 1321 3012 3024 3591 898 2333 4223 4483 4784 5000 5743 1882 
36 1 51 102 133 161 184 209 241 320 327 336 349 451 504 570 646 651 717 780 782 809 818 914 989 1019 1059 1083 1218 1338 1379 1407 1413 1432 1501 1542 1563 1600 1615 1752 1806 1854 1872 2016 2020 2024 2050 2081 2119 2162 2165 2227 2326 2336 2377 2423 2457 2499 2594 2620 2691 2700 2885 2971 3032 3140 3208 3348 3376 3398 3402 3433 3552 3563 3564 3598 3602 3688 3735 3826 3854 3912 3967 3983 3995 4003 4012 4046 4126 4152 4160 4236 4241 4251 4283 4338 4389 4459 4486 4490 4531 4551 4568 4600 4612 4670 4698 4710 4926 4964 4986 5117 5172 5176 5226 5489 5491 5658 5682 5826 5902 5960 6018 6022 126 136 146 257 272 371 574 607 662 694 1096 1192 1301 1467 1498 1508 1605 1639 1640 1799 1838 2096 2113 2135 2281 2655 2791 2813 2902 3198 3201 3229 3242 3629 3710 3711 3740 3818 3954 3994 4291 4328 4373 4376 4436 4533 4772 4854 4856 5098 5120 5218 5253 5346 5385 5402 5448 5519 5661 5662 5871 5874 64 604 917 1758 1802 1901 3150 3642 1095 1654 3068 5598 3535 5454 1053 1977 5142 493 752 1433 2982 1219 2711 3120 5207 5617 
37 17 138 283 474 475 535 565 712 743 776 816 1229 1298 1599 2015 2053 2109 2144 2179 2456 2565 2755 2887 3100 3498 3664 3694 3725 3779 3933 3950 3952 4264 4284 4469 5141 5282 5411 5471 5522 5542 5575 5633 5764 5916 5956 6010 18 21 43 72 116 254 263 711 764 787 797 1713 1903 1929 2011 2147 2155 2453 2795 2898 2984 2994 3055 3308 3511 3651 3832 3846 3891 3992 4106 4123 4125 4445 4506 4522 4523 4590 4591 4799 4896 4917 5001 5034 5064 5569 5644 5663 5719 5861 5954 779 1003 1220 2041 2194 3080 3991 5344 5697 5770 5885 342 3156 3422 4534 4787 5267 197 2089 1775 2152 4114 5567 1495 1674 3054 4657 
38 74 628 2443 3666 4571 4632 4982 5105 5113 5301 5856 0 113 118 183 469 489 499 540 613 633 661 799 1313 1336 1347 1358 1475 1494 1656 1849 1857 2002 2254 2349 2385 2733 2872 2998 3195 3485 3596 3686 3978 4293 4540 4560 4696 4717 4829 4901 4933 5187 5189 5199 5360 5405 5419 5641 5704 6005 232 555 763 889 925 1091 1310 1343 1480 1727 1856 2034 2067 2070 2146 2978 3377 4205 4314 4322 4356 4455 4565 4703 4876 5060 5062 5281 5429 5557 5643 5649 5850 582 1426 2090 2176 4699 5407 5573 177 1505 1506 1937 2124 2247 2345 2768 4517 4555 4929 5022 5504 5924 108 323 543 625 680 1912 5383 5842 5886 955 2570 4598 5990 2847 5342 2714 2156 111 5336 6012 1352 4360 2904 
39 1504 1593 1705 2001 3545 4475 5465 465 2406 2848 2915 3001 3252 3595 3717 4268 4932 5081 5299 192 407 742 1115 1222 1795 2679 2778 3225 3734 4980 5233 5285 5621 5624 5860 414 2117 2658 2831 3571 3789 4916 5164 5844 5888 204 957 3232 3322 4588 710 1334 2777 5259 2030 5368 514 2756 5037 663 2007 2802 5322 2485 4232 5268 5426 3614 5024 5544 1182 1293 5628 497 980 1951 2718 2873 1550 2977 828 2673 4680 3092 5085 
40 307 408 532 801 1583 2019 2104 2435 2445 2640 2894 3128 3181 4577 5474 5716 5787 180 391 441 452 1529 1751 1789 1888 2471 2610 3207 3279 3549 3556 3728 3745 3824 3941 4714 5481 5778 5971 271 1711 2899 3179 3589 3915 4057 4383 4707 5155 5396 5620 5963 168 962 2928 3502 3668 4317 1339 1638 5688 5535 3928 4886 
41 109 128 731 1211 2061 2275 2403 3196 3293 3321 3583 3612 3881 3934 4361 4790 4811 5485 137 929 1132 1247 2608 3340 3386 3788 4202 4453 4498 4741 4773 5038 5651 6000 2214 2841 2843 3425 4039 4614 5058 5571 5600 3604 1088 2527 3192 3706 3125 1619 4473 5894 5913 1717 2093 
42 457 362 426 500 503 547 611 615 714 716 739 830 908 1032 1079 1107 1207 1258 1291 1427 1493 1509 1511 1536 1636 1719 1749 1785 1797 1884 1914 1980 2086 2112 2129 2148 2150 2212 2248 2362 2568 2769 2796 3325 107 114 210 361 541 564 595 617 702 704 750 770 855 866 892 900 971 1105 1117 1143 1165 1378 1384 1397 1418 1428 1434 1460 1461 1470 1519 1530 1626 1632 1651 1658 1685 1730 1742 1750 1773 1826 1847 1876 1905 1922 1932 1935 1941 1972 1988 2027 2047 2092 2098 2127 2140 2206 2217 2249 2279 2374 2381 2390 2438 2448 2472 2609 2634 2643 2661 2693 2724 2820 2834 2960 49 56 65 112 127 227 251 275 297 312 319 360 707 850 882 1156 1216 1383 1393 1430 1459 1514 1548 1556 1729 1765 1800 1814 1885 1952 2060 2327 2398 2470 2541 2670 2713 2983 3018 3097 3114 206 249 295 340 616 877 1173 1454 1731 1813 1926 2216 2291 2295 2300 2310 2414 2473 2489 2600 2617 2708 2842 2919 3102 1306 1371 1565 2106 2266 2719 3063 3082 3108 5266 806 1042 1151 2045 2361 3083 486 649 2340 4638 2068 
43 947 983 1273 1332 1464 1585 1740 1747 1883 2029 2091 2270 2591 3107 3117 3468 3575 3822 3840 3884 4082 4353 4446 5510 5674 244 460 2495 2642 2961 3200 3475 4015 4053 4078 4270 4496 4505 4801 5915 215 636 1919 910 1911 1779 
44 61 96 160 172 306 326 365 450 655 823 849 1020 1076 1127 1139 1146 1181 1272 1386 1691 1692 1698 1796 1895 1997 2017 2037 2063 2184 2210 2230 2243 2246 2250 2287 2292 2464 2477 2525 2669 2752 2806 2825 2989 3345 3379 3393 3401 3489 3500 3520 3863 4089 4206 4252 4372 4407 4652 4764 4778 4851 4864 4887 4897 4945 4947 4955 5017 5264 5272 5288 5431 5462 5516 5538 5666 5721 5847 5889 5921 5947 6001 6036 6039 313 701 795 1267 2258 3019 3366 3429 3473 4501 4830 4939 5084 5112 5525 5566 5941 5979 5980 1061 1915 3687 3962 557 5447 5851 2580 2763 6002 4417 
45 2723 5177 1099 1852 831 1262 2023 2028 4219 131 379 822 1344 1403 1630 1686 2884 3560 5574 5606 5760 5793 5892 33 44 395 409 462 545 842 1167 1708 2084 2753 3607 3758 3774 3987 4136 5599 5727 5895 5959 30 213 619 848 926 1270 1390 1499 2232 2540 2648 2680 2784 2943 3025 3113 3870 3880 4180 4953 5031 5421 5546 5568 5612 5839 5859 368 2126 2660 3483 3705 3744 3748 3765 4035 4091 4812 5083 5247 5479 5675 5690 5797 6024 77 725 1106 2532 2722 2852 2975 4170 4359 4388 4580 4626 4813 5968 231 593 1147 1440 2234 2320 3094 3856 3947 3982 4539 4865 5075 5929 516 808 846 966 1113 1275 1537 1991 2197 2427 2512 2579 2845 3592 3638 4070 4335 5458 155 236 812 1168 2389 2687 2913 3110 3361 3792 627 1720 1734 1880 1994 2213 2745 2781 3469 3663 4217 4827 5080 552 1950 2304 2319 3261 3558 3709 4228 4256 4915 5988 37 67 193 568 758 963 1923 3203 4605 5136 1449 1633 3436 3457 3839 3906 4661 5945 429 2417 2563 2717 4618 4798 2201 2405 3608 3985 804 4587 1157 2289 309 1064 243 690 1174 3576 3957 3006 5640 
46 82 115 217 703 778 894 895 975 1289 1582 1781 1899 1954 2000 2085 2274 2277 2391 2479 2498 2738 3217 3493 3637 4043 4235 4295 4370 4678 4826 4937 5035 5373 5377 5461 5507 5586 5939 62 69 101 103 134 153 158 187 343 353 398 415 422 458 505 553 581 596 642 656 674 679 683 733 811 814 841 870 902 1054 1109 1152 1159 1194 1200 1237 1250 1268 1285 1369 1374 1410 1431 1435 1437 1466 1481 1532 1547 1562 1571 1607 1676 1678 1737 1744 1755 1768 1808 1933 2004 2018 2042 2056 2057 2074 2094 2183 2198 2211 2282 2285 2297 2307 2313 2316 2358 2507 2547 2550 2629 2632 2636 2654 2707 2779 2801 2832 2838 2860 2863 2880 2882 2890 2923 2948 2952 2953 2957 2958 2972 2987 3022 3045 3093 3136 3193 3222 3234 3251 3295 3331 3341 3378 3394 3496 3570 3618 3636 3718 3722 3793 3817 3850 3874 3898 3900 3908 3919 3937 3972 3986 3990 4066 4086 4134 4225 4231 4240 4262 4265 4266 4396 4408 4438 4454 4585 4622 4647 4677 4719 4720 4802 5029 5180 5228 5246 5356 5394 5443 5506 5543 5684 5726 5750 5783 5854 5866 5890 5932 5964 5991 38 76 144 226 369 375 491 597 632 772 788 827 919 943 960 977 1024 1148 1199 1203 1221 1279 1299 1333 1365 1375 1485 1518 1527 1643 1687 1709 1764 1788 1830 1943 2039 2102 2188 2195 2324 2426 2447 2567 2614 2696 2800 2850 3005 3119 3149 3163 3205 3255 3289 3294 3297 3336 3627 3697 3727 4023 4279 4307 4358 4393 4413 4427 4434 4443 4527 4549 4628 5150 5284 5315 5494 5882 5918 185 693 837 1260 1778 1875 1877 2075 3040 3266 3301 3437 3523 4379 4497 5691 939 1689 2827 3332 3478 3924 5245 513 1543 1601 1635 1701 2910 3218 273 322 4567 1853 3683 4131 5495 647 1677 142 
47 3984 
48 3409 4681 4878 
49 52 194 351 659 1009 1201 1263 1297 1316 1421 1448 1450 1811 1834 1836 1879 2664 2792 3017 3028 3162 3490 3506 3649 3680 3723 3767 3777 3807 3823 3998 4139 4237 4385 4424 4727 4866 4956 4999 5045 5255 5366 5549 5613 5626 5953 691 1578 3482 5311 3692 4672 838 5219 5635 523 1302 
